Point(1)={6.12323399574e-17,-1.0,0,1};
Point(2)={0.15643446504,-0.987688340595,0,1};
Point(3)={0.309016994375,-0.951056516295,0,1};
Point(4)={0.45399049974,-0.891006524188,0,1};
Point(5)={0.587785252292,-0.809016994375,0,1};
Point(6)={0.707106781187,-0.707106781187,0,1};
Point(7)={0.809016994375,-0.587785252292,0,1};
Point(8)={0.891006524188,-0.45399049974,0,1};
Point(9)={0.951056516295,-0.309016994375,0,1};
Point(10)={0.987688340595,-0.15643446504,0,1};
Point(11)={1.0,0.0,0,1};
Point(12)={0.987688340595,0.15643446504,0,1};
Point(13)={0.951056516295,0.309016994375,0,1};
Point(14)={0.891006524188,0.45399049974,0,1};
Point(15)={0.809016994375,0.587785252292,0,1};
Point(16)={0.707106781187,0.707106781187,0,1};
Point(17)={0.587785252292,0.809016994375,0,1};
Point(18)={0.45399049974,0.891006524188,0,1};
Point(19)={0.309016994375,0.951056516295,0,1};
Point(20)={0.15643446504,0.987688340595,0,1};
Point(21)={6.12323399574e-17,1.0,0,1};
Point(22)={-1,0,0,0.01};
Line(23)={1,2};
Line(24)={2,3};
Line(25)={3,4};
Line(26)={4,5};
Line(27)={5,6};
Line(28)={6,7};
Line(29)={7,8};
Line(30)={8,9};
Line(31)={9,10};
Line(32)={10,11};
Line(33)={11,12};
Line(34)={12,13};
Line(35)={13,14};
Line(36)={14,15};
Line(37)={15,16};
Line(38)={16,17};
Line(39)={17,18};
Line(40)={18,19};
Line(41)={19,20};
Line(42)={20,21};
Line(43)={21,22};
Line(44)={22,1};
